152
116
192
136
137
132
151
179
173
110
157
195
143
138
168
171
186
127
197
158
198
124
156
190
202
175
168
142
138
172
137
168
213
216
138
156
174
158
153
160
232
212
164
213
168
178
240
221
187
234
231
166
199
232
248
200
195
165
176
224
182
224
183
212
256
250
243
207
246
238
171
202
266
222
211
233
206
251
245
186
220
189
262
204
197
241
195
266
240
223
252
231
244
243
208
228
230
212
255
255
278
242
299
287
229
242
264
228
296
278
260
285
231
249
234
224
283
250
224
279
226
236
264
291
314
269
255
247
296
309
326
260
292
292
311
257
333
268
288
259
263
303
243
335
324
328
263
302
254
320
275
289
351
275
284
282
307
340
351
313
348
292
334
316
271
343
307
313
361
362
331
309
320
369
365
341
276
336
368
315
325
361
303
340
379
373
345
342
364
329
333
385
375
363
348
347
356
389
380
396
392
345
306
305
310
312
365
376
330
335
392
401
365
403
344
370
400
356
373
363
359
391
357
333
342
371
388
388
425
402
429
340
373
423
364
381
366
377
396
427
420
420
420
398
426
404
433
443
352
357
394
395
353
411
444
412
422
456
402
416
360
373
448
442
387
421
442
420
400
384
423
409
432
387
464
453
378
458
427
451
438
428
395
389
464
478
426
416
435
402
478
392
453
411
415
424
432
438
403
497
443
460
416
465
460
454
468
474
441
465
470
490
432
496
431
493
447
478
440
458
471
518
446
505
505
446
435
445
459
483
484
490
498
510
526
440
531
479
467
522
532
463
447
531
460
517
485
494
491
529
486
522
519
466
506
551
500
547
544
554
532
523
499
542
504
493
555
515
537
551
477
543
558
490
500
527
559
558
537
553
552
486
561
521
564
487
568
515
492
584
586
510
525
563
539
502
571
538
517
576
576
525
538
538
578
523
592
550
523
570
571
572
564
559
541
614
594
607
580
573
571
561
543
622
576
614
562
594
623
598
589
610
588
629
612
537
536
555
547
573
556
581
550
556
548
549
570
605
644
638
632
551
612
642
607
560
632
567
621
618
635
620
630
581
565
571
575
606
627
581
666
610
656
593
636
593
611
605
650
663
626
590
600
667
609
612
646
623
619
678
636
642
644
680
643
678
683
601
605
604
681
679
655
619
682
695
641
631
615
668
668
676
646
677
639
695
641
693
646
677
676
707
656
634
630
711
650
647
664
673
713
647
674
718
646
669
701
657
663
724
701
666
733
721
705
687
675
690
729
709
714
689
702
664
711
743
690
683
667
731
739
696
663
682
716
757
692
699
711
674
670
704
760
690
686
706
688
759
690
769
750
707
683
778
721
696
694
752
781
731
718
788
761
792
717
747
722
749
765
724
793
702
722
764
758
705
735
749
720
735
796
755
756
764
715
741
794
786
809
768
727
770
729
815
751
728
799
736
806
740
777
823
796
796
805
821
830
761
818
751
807
741
824
811
768
756
826
791
756
837
750
833
807
756
853
841
782
810
808
810
780
836
816
811
779
791
778
864
813
794
813
833
798
803
774
874
776
823
871
807
832
863
864
858
792
830
855
806
876
798
879
889
806
861
829
854
823
854
822
812
885
814
887
867
883
845
898
888
843
823
865
846
900
900
834
861
863
911
822
912
832
879
858
894
869
864
905
844
830
904
866
913
900
853
905
869
849
837
900
845
906
918
907
911
898
870
926
912
938
918
866
870
879
889
872
910
867
925
919
932
915
954
921
902
873
948
920
963
942
878
962
906
910
949
968
896
927
974
977
884
894
966
938
921
901
966
948
909
973
935
937
954
948
941
944
936
962
985
953
948
994
971
997
906
952
952
927
964
948
991
942
932
952
932
977
969
999
990
1012
1015
942
964
999
978
991
1004
988
964
958
931
964
931
999
997
986
1000
979
993
969
1022
1018
1012
1001
981
1041
1007
957
955
1002
964
954
1008
959
969
1047
1035
1002
1005
1002
981
995
997
1018
1021
1058
995
1032
977
1048
1013
1004
979
1009
1047
993
1006
1009
1074
1075
1012
1040
1008
1039
1041
1065
1011
1043
1002
1082
1024
1031
1078
1046
1060
999
1075
1067
1061
1044
1009
1053
1023
1068
1099
1066
1008
1028
1008
1052
1107
1057
1044
1039
1061
1023
1035
1084
1071
1050
1110
1047
1032
1079
1071
1109
1037
1078
1095
1063
1085
1035
1055
1045
1066
1094
1055
1061
1112
1109
1041
1110
1121
1073
1124
1056
1091
1098
1096
1096
1080
1102
1066
1085
1152
1146
1114
1060
1151
1146
1089
1145
1084
1096
1065
1152
1153
1078
1122
1149
1152
1109
1150
1122
1078
1093
1080
1173
1079
1146
1096
1147
1104
1143
1173
1161
1167
1126
1088
1127
1144
1180
1114
1169
1110
1127
1103
1126
1158
1168
1151
1176
1121
1192
1186
1116
1128
1148
1114
1112
1180
1116
1154
1183
1210
1202
1164
1146
1178
1198
1206
1137
1214
1166
1207
1166
1199
1207
1131
1199
1170
1194
1161
1132
1142
1202
1182
1140
1141
1188
1180
1221
1150
1228
1240
1162
1201
1190
1204
1201
1189
1236
1196
1200
1252
1191
1202
1238
1227
1256
1165
1244
1231
1249
1189
1199
1255
1236
1252
1189
1257
1268
1260
1260
1194
1258
1195
1237
1237
1222
1182
1188
1233
1220
1192
1192
1283
1240
1261
1231
1245
1221
1259
1265
1213
1279
1245
1294
1241
1244
1238
1221
1249
1291
1239
1226
1207
1254
1276
1283
1232
1270
1235
1297
1214
1255
1246
1242
1315
1241
1256
1296
1279
1308
1255
1269
1280
1290
1234
1238
1292
1266
1280
1313
1257
1295
1254
1299
1315
1244
1303
1297
1246
1274
1327
1321
1307
1335
1328
1255
1268
1255
1299
1348
1303
1306
1279
1279
1339
1298
1288
1283
1321
1280
1356
1304
1277
1351
1285
1313
1320
1288
1294
1339
1273
1356
1323
1325
1281
1344
1287
1329
1323
1379
1293
1374
1357
1376
1342
1321
1356
1375
1328
1315
1332
1334
1359
1372
1368
1361
1388
1328
1346
1374
1309
1352
1351
1368
1322
1310
1368
1391
1380
1357
1351
1361
1364
1391
1317
1395
1383
1379
1378
1401
1369
1349
1360
1342
1329
1380
1364
1389
1407
1429
1364
1429
1340
1358
1413
1378
1383
1352
1384
1365
1442
1429
1444
1388
1407
1428
1432
1376
1364
1359
1408
1363
1384
1377
1433
1394
1425
1362
1417
1418
1438
1436
1437
1396
1410
1404
1453
1424
1459
1403
1413
1402
1430
1411
1425
1451
1432
1397
1417
1388
1429
1421
1412
1405
1450
1441
1403
1397
1443
1457
1433
1441
1441
1493
1397
1409
1404
1496
1439
1444
1500
1479
1411
1479
1451
1412
1412
1455
1479
1419
1429
1490
1497
1424
1486
1436
1484
1505
1506
1493
1431
1484
1488
1494
1438
1483
1470
1470
1522
1457
1486
1523
1477
1516
1530
1497
1471
1520
1475
1457
1515
1462
1458
1451
1497
1512
1505
1507
1531
1469
1470
1540
1532
1492
1545
1539
1524
1530
1514
1495
1478
1534
1528
1490
1488
1503
1509
1525
1488
1560
1557
1498
1502
1507
1562
1492
1530
1534
1565
1546
1545
1502
1563
1491
1578
1565
1524
1562
1542
1564
1535
1545
1586
1581
1587
1539
1595
1552
1578
1545
1595
1580
1578
1546
1570
1581
1578
1527
1603
1541
1562
1529
1614
1573
1590
1560
1552
1585
1548
1531
1533
1589
1568
1561
1528
1559
1591
1570
1624
1539
1578
1542
1549
1545
1634
1552
1607
1544
1595
1589
1575
1588
1643
1641
1559
1617
1630
1576
1559
1562
1623
1604
1582
1629
1636
1652
1624
1609
1625
1595
1572
1643
1615
1630
1591
1632
1647
1583
1608
1605
1656
1649
1634
1607
1650
1596
1648
1624
1619
1646
1631
1669
1665
1683
1654
1680
1638
1670
1636
1612
1603
1647
1692
1637
1640
1625
1654
1666
1608
1698
1653
1642
1615
1608
1610
1659
1655
1646
1654
1671
1628
1634
1647
1631
1647
1620
1668
1660
1629
1683
1679
1624
1670
1710
1667
1628
1670
1707
1667
1710
1633
1692
1717
1694
1637
1674
1701
1689
1733
1664
1664
1710
1665
1654
1713
1696
1702
1713
1742
1687
1698
1697
1745
1727
1750
1682
1708
1756
1719
1761
1721
1754
1670
1728
1708
1697
1752
1725
1698
1694
1713
1727
1754
1725
1750
1708
1777
1708
1723
1703
1684
1726
1698
1721
1732
1727
1715
1731
1780
1763
1742
1719
1699
1708
1738
1752
1797
1789
1744
1753
1798
1715
1763
1750
1725
1719
1764
1713
1739
1796
1753
1789
1726
1741
1797
1738
1767
1750
1817
1810
1750
1738
1761
1797
1774
1748
1739
1793
1731
1810
1759
1816
1821
1825
1762
1810
1804
1762
1834
1745
1762
1811
1835
1843
1748
1795
1758
1750
1779
1764
1754
1825
1824
1804
1838
1811
1769
1835
1811
1826
1812
1833
1770
1843
1848
1857
1822
1862
1818
1842
1816
1837
1779
1823
1778
1782
1780
1828
1838
1872
1837
1826
1823
1830
1880
1790
1881
1882
1888
1870
1833
1854
1852
1860
1866
1840
1857
1868
1872
1872
1871
1860
1810
1825
1842
1894
1886
1855
1825
1856
1813
1865
1910
1868
1865
1862
1848
1824
1887
1868
1860
1887
1893
1899
1918
1892
1913
1897
1839
1889
1868
1873
1902
1905
1857
1919
1850
1935
1869
1878
1890
1901
1937
1908
1926
1883
1903
1907
1853
1931
1930
1945
1921
1871
1942
1860
1948
1947
1914
1905
1879
1876
1938
1962
1927
1944
1949
1957
1920
1895
1915
1973
1960
1898
1914
1969
1894
1944
1901
1959
1890
1915
1972
1930
1977
1986
1952
1943
1990
1991
1963
1969
1983
1992
1897
1962
1983
1905
1956
1956
1989
1943
1955
1978
1970
1913
1949
2001
1951
2003
1953
1969
1931
1916
2006
1951
1951
1965
1988
1966
1996
1999
1968
1991
1952
1962
1991
2004
2002
1991
1933
2027
2000
2032
1969
1995
1960
1996
2015
1956
2003
1964
1964
1959
1991
1986
1988
1979
2037
1996
1982
2028
1986
2047
2047
2017
2054
1973
1968
2034
2038
1980
2007
2054
2027
1991
2067
2017
2030
1985
1985
2014
2025
2012
2054
1986
2024
2055
2000
2066
2007
2047
1998
2081
2061
2079
2078
2078
2050
2071
2047
2006
2070
2013
2003
2049
2090
2023
2037
2097
2056
2083
2080
2016
2056
2098
2067
2058
2034
2057
2112
2111
2038
2051
2023
2082
2071
2040
2075
2054
2073
2103
2045
2119
2098
2063
2050
2127
2090
2032
2055
2083
2048
2078
2093
2096
2096
2080
2057
2136
2109
2058
2109
2072
2095
2074
2091
2113
2098
2148
2055
2111
2058
2091
2062
2080
2110
2114
2062
2091
2102
2076
2144
2163
2162
2124
2139
2165
2073
2089
2160
2170
2118
2156
2111
2131
2088
2093
2086
2180
2083
2143
2170
2136
2181
2146
2149
2159
2174
2185
2100
2170
2136
2126
2159
2196
2132
2109
2195
2121
2119
2175
2200
2155
2165
2149
2182
2123
2153
2127
2125
2212
2141
2198
2174
2131
2192
2167
2178
2175
2196
2145
2168
2149
2225
2149
2153
2151
2201
2210
2187
2162
2198
2198
2186
2139
2193
2142
2211
2166
2185
2223
2149
2229
2197
2155
2152
2163
2221
2188
2191
2234
2207
2253
2188
2253
2235
2219
2184
2181
2201
2182
2176
2215
2218
2188
2245
2238
2187
2220
2187
2192
2204
2228
2232
2221
2236
2241
2204
2202
2213
2277
2251
2238
2187
2231
2272
2192
2230
2291
2260
2252
2216
2276
2269
2212
2270
2209
2211
2216
2247
2207
2216
2220
2248
2238
2246
2283
2243
2265
2220
2263
2294
2298
2247
2259
2239
2277
2303
2262
2290
2235
2253
2250
2293
2323
2251
2232
2251
2288
2284
2292
2241
2254
2253
2238
2332
2302
2300
2296
2336
2283
2305
2330
2339
2297
2294
2294
2285
2290
2338
2292
2277
2344
2262
2316
2290
2356
2293
2308
2338
2310
2311
2337
2313
2360
2289
2369
2280
2312
2284
2281
2276
2307
2306
2365
2357
2288
2289
2307
2378
2321
2306
2360
2294
2305
2327
2339
2311
2341
2328
2369
2369
2301
2336
2373
2329
2305
2348
2363
2366
2329
2370
2355
2313
2363
2323
2351
2314
2332
2316
2413
2390
2321
2382
2401
2403
2357
2398
2352
2383
2387
2326
2417
2355
2336
2365
2384
2396
2413
2429
2337
2359
2340
2356
2399
2386
2368
2437
2417
2344
2424
2346
2378
2422
2445
2377
2446
2362
2403
2393
2414
2443
2382
2399
2451
2431
2435
2407
2400
2461
2416
2386
2433
2440
2395
2382
2394
2438
2406
2424
2461
2453
2420
2411
2407
2395
2430
2434
2420
2419
2455
2431
2418
2438
2420
2464
2450
2406
2423
2461
2420
2489
2482
2406
2431
2461
2496
2457
2457
2490
2425
2469
2457
2505
2452
2504
2475
2458
2503
2454
2429
2478
2454
2446
2421
2482
2495
2506
2448
2517
2482
2478
2501
2518
2504
2429
2493
2492
2472
2489
2448
2501
2495
2474
2508
2480
2517
2472
2468
2472
2490
2500
2527
2503
2481
2533
2541
2477
2462
2512
2542
2551
2466
2525
2463
2489
2484
2509
2544
2480
2500
2529
2491
2532
2548
2563
2483
2473
2508
2499
2570
2536
2488
2503
2515
2517
2524
2484
2527
2546
2514
2515
2556
2497
2573
2536
2527
2552
2509
2505
2515
2546
2536
2589
2531
2506
2540
2599
2520
2580
2504
2544
2533
2517
2573
2522
2541
2527
2583
2557
2590
2576
2596
2581
2610
2609
2581
2537
2592
2590
2602
2619
2553
2583
2579
2553
2533
2602
2581
2552
2570
2612
2634
2567
2543
2594
2606
2543
2600
2634
2625
2615
2623
2602
2548
2632
2600
2610
2596
2561
2564
2649
2558
2570
2578
2654
2576
2598
2634
2579
2621
2601
2624
2571
2626
2635
2666
2636
2636
2605
2635
2674
2644
2581
2643
2622
2627
2585
2647
2635
2623
2618
2641
2677
2624
2685
2634
2601
2687
2633
2659
2624
2660
2661
2696
2673
2691
2640
2661
2611
2618
2684
2698
2641
2649
2616
2701
2646
2638
2700
2678
2650
2618
2688
2647
2710
2651
2692
2643
2682
2715
2639
2724
2650
2689
2662
2703
2723
2670
2673
2711
2722
2692
2692
2708
2686
2660
2722
2706
2655
2670
2688
2664
2695
2739
2718
2685
2729
2729
2687
2666
2738
2745
2728
2681
2751
2705
2738
2747
2725
2744
2681
2695
2707
2674
2744
2680
2702
2684
2680
2716
2679
2740
2678
2757
2722
2688
2686
2716
2780
2733
2776
2730
2691
2715
2752
2704
2700
2745
2750
2786
2723
2757
2739
2714
2725
2717
2716
2751
2728
2743
2774
2744
2746
2729
2807
2787
2712
2731
2804
2782
2814
2724
2754
2817
2721
2817
2799
2743
2723
2812
2793
2773
2806
2733
2809
2753
2774
2758
2826
2825
2827
2783
2748
2797
2771
2789
2750
2815
2827
2788
2762
2813
2768
2832
2810
2787
2780
2799
2763
2841
2821
2843
2828
2768
2823
2803
2844
2764
2772
2829
2860
2815
2777
2829
2778
2821
2867
2861
2778
2815
2815
2847
2835
2863
2853
2869
2821
2800
2868
2830
2871
2828
2813
2826
2873
2868
2846
2887
2875
2834
2888
2807
2823
2803
2833
2836
2860
2854
2901
2831
2844
2898
2873
2845
2841
2831
2828
2830
2905
2862
2859
2820
2844
2822
2880
2820
2827
2852
2837
2836
2847
2853
2875
2915
2900
2894
2838
2854
2893
2911
2885
2935
2879
2920
2932
2853
2931
2934
2929
2888
2907
2910
2872
2945
2908
2861
2857
2887
2942
2861
2875
2863
2930
2858
2896
2924
2881
2943
2873
2952
2874
2872
2936
2967
2874
2960
2968
2969
2972
2931
2955
2950
2883
2973
2936
2948
2943
2958
2939
2936
2982
2963
2889
2913
2933
2955
2915
2975
2952
2982
2907
2941
2919
2968
2962
2993
2910
2942
2990
2928
2960
2920
2908
2936
2973
3009
2944
2994
2934
2929
2984
2930
2997
2989
2997
3009
2929
2939
2938
2980
2966
3009
2933
2968
2994
2930
2964
2969
2940
3005
2959
2987
2951
2991
3012
3028
2994
2957
3028
3004
3033
2956
2965
2965
2988
3042
3011
3036
3011
2984
2980
2967
3036
2997
2998
2966
2998
3027
3011
3058
2992
3039
3056
2990
3036
3062
3055
3037
2993
3016
2992
3074
2984
2992
3051
3030
2993
3003
3054
2999
3053
3046
3009
3058
3038
3087
3025
3043
3059
3075
3007
3093
3074
3074
3068
3014
3020
3053
3085
3067
3013
3035
3075
3097
3092
3039
3101
3017
3099
3066
3079
3045
3102
3022
3069
3104
3070
3055
3115
3062
3041
3058
3100
3041
3089
3121
3053
3069
3068
3132
3051
3122
3085
3062
3110
3103
3115
3113
3124
3050
3078
3142
3082
3073
3101
3119
3108
3081
3117
3103
3118
3095
3058
3104
3073
3080
3095
3142
3086
3121
3090
3155
3118
3122
3106
3137
3073
3164
3108
3172
3083
3140
3114
3136
3098
3174
3167
3118
3127
3116
3128
3185
3087
3115
3176
3132
3097
3153
3109
3152
3151
3139
3138
3124
3184
3176
3127
3147
3183
3148
3170
3180
3152
3117
3128
3110
3198
3142
3135
3180
3184
3181
3130
3126
3201
3136
3152
3218
3159
3195
3132
3222
3216
3195
3204
3148
3227
3165
3186
3188
3225
3167
3140
3203
3172
3238
3167
3209
3159
3222
3170
3226
3211
3180
3189
3162
3209
3178
3154
3207
3237
3158
3246
3225
3254
3254
3178
3230
3259
3208
3182
3248
3198
3181
3255
3213
3200
3251
3239
3270
3189
3208
3269
3265
3274
3267
3253
3250
3261
3244
3194
3218
3267
3202
3230
3243
3287
3210
3243
3207
3277
3285
3253
3280
3209
3295
3274
3300
3203
3299
3281
3229
3295
3263
3210
3295
3245
3255
3242
3243
3275
3283
3290
3222
3311
3283
3271
3262
3307
3313
3286
3279
3285
3288
3230
3277
3280
3319
3259
3234
3327
3326
3315
3261
3275
3258
3322
3293
3252
3343
3258
3311
3304
3277
3341
3321
3326
3315
3329
3346
3271
3348
3280
3346
3283
3292
3268
3322
3344
3360
3270
3315
3312
3344
3364
3343
3300
3318
3298
3278
3318
3354
3314
3361
3334
3375
3366
3288
3309
3346
3306
3323
3317
3350
3307
3311
3317
3310
3315
3348
3352
3360
3384
3335
3367
3340
3387
3364
3401
3372
3341
3327
3356
3328
3319
3370
3383
3401
3411
3387
3380
3389
3391
3333
3343
3408
3333
3401
3362
3419
3423
3404
3356
3374
3373
3378
3411
3348
3420
3383
3341
3367
3370
3360
3413
3423
3403
3351
3379
3365
3390
3372
3386
3359
3397
3430
3362
3362
3427
3433
3380
3450
3360
3418
3390
3442
3388
3389
3459
3413
3436
3376
3451
3377
3459
3452
3404
3422
3403
3457
3453
3414
3463
3459
3462
3466
3464
3454
3393
3474
3395
3405
3404
3454
3419
3421
3457
3459
3441
3457
3432
3485
3397
3479
3480
3469
3461
3435
3496
3426
3407
3438
3441
3496
3479
3427
3474
3432
3463
3436
3508
3432
3451
3418
3491
3441
3493
3503
3479
3457
3456
3519
3467
3447
3434
3458
3488
3457
3486
3466
3501
3523
3459
3484
3473
3535
3488
3484
3527
3505
3462
3491
3510
3518
3483
3466
3513
3455
3535
3477
3537
3536
3476
3508
3519
3535
3511
3511
3483
3476
3499
3504
3479
3522
3521
3488
3561
3520
3529
3546
3535
3512
3521
3569
3506
3511
3551
3507
3562
3498
3550
3563
3545
3541
3544
3575
3498
3506
3512
3591
3564
3585
3573
3549
3598
3585
3570
3518
3530
3549
3523
3528
3511
3584
3569
3536
3575
3559
3534
3606
3569
3532
3591
3566
3519
3570
3566
3568
3523
3594
3580
3582
3539
3596
3616
3621
3607
3564
3550
3571
3551
3603
3600
3594
3628
3608
3598
3640
3633
3566
3574
3626
3559
3589
3608
3562
3597
3646
3603
3590
3613
3588
3592
3569
3577
3619
3612
3623
3602
3650
3606
3640
3648
3585
3591
3604
3626
3653
3593
3610
3629
3601
3607
3603
3591
3669
3662
3651
3605
3617
3586
3648
3621
3613
3628
3640
3603
3593
3647
3685
3615
3623
3664
3620
3683
3677
3645
3605
3677
3668
3652
3629
3635
3681
3685
3695
3668
3667
3699
3694
3696
3649
3685
3666
3620
3656
3671
3680
3625
3708
3700
3706
3674
3672
3663
3713
3668
3632
3670
3715
3733
3685
3718
3652
3714
3684
3653
3728
3662
3717
3673
3699
3701
3723
3707
3689
3667
3713
3709
3722
3702
3713
3715
3755
3756
3676
3665
3712
3714
3720
3746
3732
3711
3722
3696
3673
3708
3707
3705
3717
3726
3717
3694
3719
3775
3740
3765
3731
3697
3720
3715
3721
3714
3689
3769
3699
3759
3694
3775
3773
3722
3793
3778
3771
3771
3750
3793
3709
3766
3756
3769
3711
3772
3780
3714
3798
3763
3787
3810
3731
3739
3716
3717
3736
3724
3742
3812
3801
3733
3786
3744
3792
3735
3806
3819
3764
3773
3752
3770
3812
3816
3817
3819
3761
3761
3769
3800
3817
3840
3825
3753
3824
3843
3815
3844
3808
3789
3846
3839
3789
3843
3773
3825
3765
3850
3811
3839
3764
3791
3835
3786
3820
3861
3844
3844
3865
3847
3806
3842
3865
3814
3870
3856
3866
3811
3850
3790
3846
3818
3796
3865
3876
3865
3851
3828
3826
3851
3803
3881
3803
3893
3830
3805
3866
3810
3825
3878
3867
3866
3824
3824
3866
3866
3874
3875
3861
3825
3826
3865
3847
3832
3880
3819
3834
3884
3909
3918
3849
3916
3828
3844
3888
3905
3885
3883
3911
3917
3877
3891
3916
3837
3845
3922
3934
3841
3903
3856
3856
3884
3900
3912
3939
3878
3910
3924
3875
3913
3885
3871
3917
3867
3945
3883
3890
3861
3953
3888
3869
3894
3962
3876
3887
3966
3953
3906
3897
3922
3934
3956
3898
3916
3915
3877
3964
3965
3936
3955
3922
3897
3957
3918
3921
3945
3916
3975
3915
3911
3895
3975
3928
3915
3953
3970
3978
3990
3984
3917
3936
3959
3965
3962
3921
3971
3964
3910
3955
3950
3965
4011
3952
3978
3972
3997
3952
3957
3990
3955
3930
4008
3989
3989
4001
3966
3990
3940
3966
3934
3935
3971
4024
4005
3982
3960
3985
3982
3993
3999
4023
3954
3950
4017
4003
4043
4025
3967
4012
3976
3988
3973
4040
4035
3959
3998
4031
4004
3975
4049
3985
3995
4010
4029
4002
3974
4008
4022
3979
4031
3997
4000
4026
4023
3980
3997
4065
4055
4070
4051
3987
4002
4061
4007
4038
4006
4068
3992
4080
4005
4059
4032
4004
4067
3997
4004
4078
4041
4075
4024
4093
4030
4080
4043
4064
4031
4089
4080
4023
4034
4014
4029
4025
4074
4028
4026
4053
4070
4107
4042
4082
4095
4039
4091
4035
4087
4122
4083
4101
4069
4033
4105
4048
4069
4062
4058
4098
4095
4081
4132
4091
4126
4062
4056
4057
4079
4123
4053
4064
4105
4072
4143
4107
4126
4069
4072
4156
4063
4085
4093
4095
4089
4095
4127
4121
4120
4090
4097
4084
4072
4085
4080
4168
4114
4171
4159
4151
4101
4110
4153
4174
4177
4118
4158
4135
4123
4162
4113
4109
4148
4162
4131
4141
4190
4168
4144
4172
4176
4139
4146
4187
4180
4116
4131
4132
4190
4190
4149
4138
4189
4162
4160
4121
4116
4215
4179
4122
4148
4194
4166
4150
4209
4127
4138
4174
4143
4220
4154
4175
4226
4202
4214
4186
4218
4173
4197
4229
4188
4209
4191
4221
4187
4156
4186
4204
4228
4214
4237
4220
4155
4232
4198
4172
4239
4236
4201
4245
4206
4163
4231
4209
4253
4169
4204
4196
4217
4172
4250
4262
4249
4198
4216
4229
4235
4182
4185
4275
4194
4220
4221
4276
4216
4193
4221
4186
4262
4254
4261
4201
4205
4250
4273
4227
4246
4212
4265
4217
4216
4282
4252
4242
4223
4267
4254
4290
4235
4295
4268
4272
4268
4241
4270
4237
4311
4269
4256
4262
4297
4236
4263
4294
4255
4266
4250
4300
4325
4322
4247
4315
4307
4293
4322
4324
4334
4242
4248
4294
4316
4316
4318
4316
4277
4317
4303
4328
4345
4314
4262
4266
4300
4348
4264
4340
4265
4354
4262
4342
4316
4312
4355
4316
4361
4358
4338
4330
4325
4290
4331
4322
4348
4332
4366
4341
4346
4287
4336
4336
4358
4366
4353
4374
4340
4358
4287
4301
4346
4385
4321
4322
4316
4342
4307
4373
4378
4381
4319
4311
4323
4358
4373
4378
4314
4366
4335
4364
4403
4368
4381
4335
4375
4398
4327
4347
4365
4358
4332
4396
4400
4391
4404
4363
4326
4365
4368
4411
4393
4358
4394
4355
4387
4338
4356
4405
4358
4354
4362
4338
4373
4387
4395
4359
4348
4437
4350
4371
4397
4377
4395
4376
4426
4401
4353
4451
4377
4382
4424
4436
4397
4409
4382
4454
4396
4432
4459
4405
4427
4435
4400
4424
4402
4411
4389
4383
4458
4404
4402
4473
4400
4455
4401
4404
4390
4442
4425
4464
4441
4445
4458
4415
4393
4409
4458
4401
4439
4472
4436
4409
4450
4440
4442
4457
4444
4428
4423
4416
4486
4491
4430
4413
4419
4489
4466
4485
4459
4513
4480
4511
4497
4503
4445
4430
4517
4453
4430
4494
4457
4488
4429
4527
4491
4490
4526
4468
4481
4474
4475
4530
4519
4454
4508
4505
4532
4497
4538
4508
4497
4473
4454
4478
4546
4498
4529
4552
4538
4473
4519
4531
4462
4474
4551
4541
4539
4478
4546
4544
4549
4525
4508
4486
4472
4538
4504
4489
4524
4513
4504
4508
4539
4506
4576
4510
4530
4513
4572
4567
4553
4533
4498
4544
4494
4500
4573
4586
4580
4503
4584
4596
4590
4500
4536
4580
4520
4559
4585
4534
4566
4535
4588
4515
4584
4560
4592
4552
4547
4568
4547
4582
4529
4536
4532
4556
4532
4592
4579
4611
4607
4599
4541
4592
4586
4613
4557
4553
4611
4586
4574
4562
4595
4570
4638
4628
4608
4545
4546
4547
4550
4551
4594
4640
4635
4623
4602
4576
4569
4557
4612
4606
4650
4607
4623
4608
4651
4651
4618
4613
4648
4603
4653
4607
4575
4597
4593
4614
4619
4642
4639
4632
4653
4655
4581
4661
4659
4610
4633
4601
4610
4605
4644
4657
4679
4644
4670
4609
4598
4644
4643
4653
4665
4697
4698
4611
4699
4637
4704
4678
4700
4703
4636
4669
4675
4664
4614
4646
4634
4671
4678
4693
4647
4634
4639
4633
4638
4647
4657
4670
4659
4644
4711
4723
4722
4682
4677
4668
4734
4695
4661
4664
4672
4700
4697
4676
4657
4700
4744
4694
4705
4657
4703
4720
4685
4664
4735
4655
4664
4753
4748
4713
4684
4665
4723
4727
4719
4733
4707
4752
4717
4717
4682
4738
4703
4755
4682
4768
4714
4748
4772
4683
4762
4767
4732
4684
4772
4717
4704
4726
4777
4736
4715
4758
4712
4749
4697
4782
4727
4789
4733
4787
4793
4773
4722
4729
4735
4725
4785
4725
4742
4709
4725
4773
4770
4738
4748
4801
4810
4801
4722
4754
4730
4726
4773
4787
4796
4756
4790
4782
4744
4753
4786
4824
4815
4806
4773
4812
4794
4782
4813
4743
4754
4741
4838
4823
4809
4795
4767
4810
4843
4817
4758
4786
4791
4762
4790
4762
4802
4846
4840
4826
4800
4768
4829
4807
4768
4827
4824
4843
4777
4812
4776
4782
4843
4834
4784
4866
4856
4867
4839
4858
4872
4842
4829
4789
4823
4832
4877
4798
4861
4854
4806
4864
4808
4856
4880
4874
4880
4883
4887
4822
4866
4819
4900
4881
4860
4834
4876
4819
4859
4849
4866
4835
4869
4850
4885
4843
4894
4860
4843
4847
4848
4844
4901
4859
4920
4839
4861
4914
4840
4879
4841
4830
4866
4894
4880
4838
4925
4863
4921
4908
4842
4845
4875
4918
4861
4923
4911
4901
4903
4938
4903
4942
4950
4939
4919
4879
4935
4913
4954
4888
4904
4927
4944
4892
4919
4938
4882
4882
4893
4945
4897
4882
4951
4939
4960
4937
4950
4909
4937
4931
4887
4945
4916
4928
4900
4910
4942
4980
4911
4936
4895
4979
4899
4914
4969
4958
4943
4959
4901
4901
4932
4911
4983
4951
4925
5003
4968
4954
4928
4925
4975
4977
4998
5009
4935
5009
5013
5010
4989
4930
4953
5004
4926
5018
4945
4985
5019
4937
4971
4982
4951
5029
4989
4941
4938
4958
5019
4986
5033
5027
4942
5005
4972
4946
5028
5009
4954
4997
4947
5012
4996
5029
5027
4956
5052
5006
5024
5009
5030
4958
5029
5030
5031
4990
5056
5056
5013
5008
5015
5001
5041
5047
4998
5010
5024
5005
4991
5065
5059
5076
5039
4990
4995
5015
5036
5052
5077
5061
5006
5011
5052
5056
5060
5000
5091
5073
5078
5031
5065
5070
5086
5024
5093
5050
5051
5055
5020
5074
5098
5056
5017
5046
5066
5033
5028
5058
5112
5069
5036
5069
5085
5099
5115
5083
5068
5116
5040
5115
5114
5065
5031
5067
5073
5074
5060
5059
5095
5068
5117
5121
5077
5133
5059
5063
5057
5106
5068
5142
5056
5120
5145
5058
5111
5130
5077
5121
5146
5117
5122
5074
5059
5089
5083
5120
5132
5086
5139
5116
5078
5111
5141
5154
5143
5095
5101
5101
5126
5099
5095
5171
5128
5088
5175
5094
5127
5093
5096
5140
5172
5152
5122
5164
5102
5100
5130
5176
5193
5149
5162
5160
5188
5148
5115
5165
5164
5168
5165
5167
5151
5112
5132
5148
5145
5148
5175
5162
5157
5163
5156
5164
5187
5139
5161
5137
5191
5162
5182
5128
5202
5214
5157
5175
5196
5218
5231
5227
5220
5216
5142
5222
5176
5216
5144
5185
5218
5188
5151
5231
5166
5233
5185
5214
5198
5190
5202
5194
5157
5215
5172
5247
5254
5245
5246
5240
5256
5256
5250
5222
5197
5227
5260
5210
5240
5253
5208
5230
5255
5197
5188
5222
5276
5200
5225
5206
5187
5246
5255
5226
5266
5212
5232
5228
5275
5270
5225
5209
5249
5227
5209
5233
5269
5205
5273
5218
5237
5211
5218
5237
5219
5274
5285
5243
5261
5226
5229
5295
5248
5301
5283
5230
5275
5280
5314
5288
5225
5270
5270
5308
5255
5236
5234
5318
5317
5246
5307
5298
5262
5266
5300
5283
5325
5327
5265
5255
5289
5280
5251
5272
5317
5329
5263
5333
5293
5261
5308
5313
5262
5256
5299
5343
5302
5310
5330
5289
5299
5326
5278
5286
5302
5344
5282
5302
5346
5314
5311
5363
5351
5350
5287
5360
5314
5361
5345
5351
5319
5312
5310
5316
5292
5363
5351
5311
5318
5355
5376
5371
5366
5337
5311
5332
5335
5397
5339
5303
5315
5359
5317
5384
5373
5376
5395
5325
5357
5342
5409
5353
5347
5347
5380
5407
5335
5366
5379
5348
5394
5382
5378
5361
5347
5399
5428
5348
5408
5411
5377
5428
5402
5400
5418
5346
5346
5340
5413
5435
5384
5385
5410
5378
5433
5421
5364
5391
5413
5393
5395
5395
5438
5391
5379
5392
5422
5456
5442
5362
5451
5369
5386
5382
5422
5426
5422
5441
5469
5429
5464
5395
5444
5382
5383
5383
5441
5453
5471
5382
5471
5437
5391
5404
5429
5429
5410
5454
5406
5428
5429
5460
5452
5488
5459
5480
5488
5445
5477
5440
5448
5466
5405
5451
5419
5457
5412
5413
5499
5439
5418
5435
5460
5491
5426
5510
5492
5509
5482
5487
5491
5523
5446
5486
5501
5524
5471
5511
5488
5472
5455
5452
5490
5449
5450
5442
5460
5468
5540
5525
5455
5482
5484
5510
5538
5528
5468
5541
5472
5523
5522
5483
5497
5499
5510
5525
5462
5546
5475
5496
5463
5493
5515
5473
5549
5558
5515
5558
5490
5508
5542
5497
5491
5549
5508
5502
5541
5486
5571
5487
5536
5566
5571
5557
5551
5524
5489
5492
5503
5532
5507
5576
5568
5507
5528
5565
5500
5586
5542
5600
5602
5587
5555
5600
5507
5508
5525
5590
5535
5545
5530
5607
5596
5530
5547
5531
5574
5556
5523
5606
5588
5611
5538
5604
5570
5539
5596
5533
5574
5590
5610
5585
5550
5565
5553
5573
5636
5626
5621
5589
5610
5636
5553
5615
5573
5611
5583
5628
5639
5558
5617
5630
5639
5614
5634
5600
5650
5598
5599
5640
5567
5655
5640
5585
5637
5661
5650
5646
5633
5618
5611
5614
5588
5654
5640
5635
5623
5617
5655
5667
5629
5633
5680
5644
5670
5600
5632
5598
5657
5631
5594
5651
5597
5652
5673
5600
5697
5600
5675
5636
5669
5612
5681
5653
5638
5662
5611
5666
5650
5640
5680
5685
5617
5628
5696
5626
5651
5688
5708
5657
5710
5642
5639
5688
5687
5651
5702
5639
5637
5641
5695
5644
5655
5715
5691
5694
5655
5646
5678
5727
5675
5672
5664
5736
5733
5665
5679
5700
5679
5693
5663
5666
5727
5680
5729
5663
5714
5665
5715
5713
5715
5726
5742
5673
5702
5669
5722
5702
5673
5673
5735
5686
5718
5759
5747
5741
5735
5706
5732
5696
5687
5778
5782
5754
5725
5746
5696
5697
5730
5708
5722
5698
5735
5761
5699
5699
5708
5799
5716
5801
5786
5713
5756
5713
5804
5804
5766
5771
5748
5725
5779
5787
5720
5779
5732
5771
5722
5741
5812
5724
5783
5807
5753
5823
5819
5795
5771
5811
5802
5788
5786
5737
5775
5833
5771
5765
5817
5824
5800
5813
5792
5746
5834
5842
5759
5829
5830
5793
5755
5766
5757
5827
5792
5786
5782
5852
5849
5804
5791
5771
5829
5796
5823
5839
5837
5819
5799
5839
5800
5777
5818
5862
5835
5827
5829
5871
5851
5871
5878
5803
5864
5792
5861
5883
5807
5818
5844
5870
5794
5839
5873
5833
5818
5853
5810
5890
5824
5800
5814
5834
5872
5824
5805
5815
5817
5899
5810
5855
5870
5849
5847
5892
5891
5829
5902
5907
5833
5851
5911
5898
5855
5907
5884
5863
5918
5868
5910
5884
5855
5915
5888
5860
5902
5859
5861
5874
5847
5913
5885
5936
5851
5943
5912
5896
5945
5895
5899
5946
5868
5907
5882
5937
5911
5947
5906
5944
5874
5891
5949
5955
5864
5928
5929
5875
5908
5965
5943
5881
5911
5945
5915
5928
5965
5915
5894
5965
5953
5896
5941
5949
5892
5936
5888
5946
5927
5963
5949
5986
5928
5956
5938
5966
5932
5989
5987
5907
5968
5936
5906
5914
5934
6000
5961
5957
5981
5923
5980
6002
5994
5985
5954
6008
6011
5976
5950
5926
5988
6003
5997
6013
6014
5993
6009
5999
6001
6019
5948
5944
5933
6031
6031
5978
5980
5999
6015
5995
5996
6030
6034
5959
5956
6024
6011
5994
6007
6014
5996
6028
6033
6032
6021
5959
6034
6037
6031
6036
6047
5994
6019
6000
6038
5974
6060
5998
5992
6044
5972
6016
5997
5974
6069
5984
6068
5985
5990
6009
6078
6079
6066
6063
6013
6033
6023
6007
6082
6058
6047
6014
6022
6021
6079
6078
6049
6023
6076
6008
6090
6098
6062
6085
6005
6030
6051
6034
6046
6097
6035
6052
6042
6060
6040
6050
6018
6102
6056
6078
6116
6074
6099
6057
6059
6051
6036
6044
6101
6101
6060
6082
6079
6128
6123
6112
6066
6110
6040
6112
6089
6116
6074
6059
6117
6066
6055
6111
6112
6114
6129
6089
6068
6133
6053
6081
6144
6075
6153
6157
6143
6144
6061
6072
6149
6113
6099
6105
6145
6123
6147
6143
6077
6141
6146
6084
6144
6110
6120
6133
6115
6125
6118
6162
6088
6091
6128
6097
6130
6125
6174
6137
6143
6156
6098
6113
6181
6153
6162
6153
6163
6150
6108
6153
6137
6106
6143
6138
6119
6148
6147
6114
6131
6206
6203
6162
6169
6202
6214
6174
6163
6183
6201
6139
6199
6205
6166
6212
6210
6150
6129
6179
6152
6216
6221
6177
6185
6152
6231
6191
6143
6148
6231
6183
6181
6194
6175
6201
6245
6156
6190
6220
6233
6234
6233
6227
6247
6236
6218
6186
6216
6219
6258
6165
6229
6192
6262
6167
6229
6259
6243
6181
6226
6247
6204
6178
6225
6270
6251
6194
6222
6259
6187
6192
6250
6256
6225
6272
6207
6209
6276
6228
6284
6214
6199
6229
6234
6255
6273
6221
6227
6214
6262
6236
6222
6270
6211
6226
6304
6245
6227
6239
6246
6221
6290
6256
6291
6260
6220
6296
6306
6281
6263
6279
6231
6281
6267
6317
6316
6303
6278
6285
6322
6318
6330
6250
6312
6258
6298
6297
6270
6277
6251
6286
6255
6331
6301
6264
6278
6330
6263
6318
6339
6333
6294
6342
6306
6297
6257
6263
6320
6324
6360
6269
6297
6352
6294
6279
6292
6346
6341
6295
6303
6279
6322
6309
6280
6341
6307
6302
6324
6348
6330
6293
6340
6350
6290
6349
6353
6288
6338
6293
6343
6312
6337
6322
6372
6375
6312
6354
6371
6379
6313
6389
6372
6329
6359
6363
6393
6321
6345
6353
6344
6402
6351
6388
6339
6371
6370
6327
6383
6354
6381
6368
6408
6358
6422
6366
6345
6419
6331
6427
6425
6342
6425
6345
6345
6411
6362
6371
6364
6435
6419
6381
6381
6431
6371
6412
6446
6385
6428
6405
6444
6364
6419
6431
6366
6386
6440
6376
6416
6420
6380
6408
6364
6387
6451
6403
6446
6397
6369
6377
6401
6414
6436
6392
6438
6396
6458
6477
6387
6462
6467
6463
6402
6458
6422
6456
6439
6398
6472
6392
6413
6422
6443
6479
6405
6422
6442
6450
6426
6433
6455
6481
6449
6458
6455
6451
6457
6463
6430
6445
6439
6490
6464
6474
6509
6446
6419
6468
6482
6440
6445
6475
6519
6506
6481
6459
6445
6438
6481
6501
6484
6507
6485
6514
6526
6534
6497
6484
6455
6538
6455
6493
6460
6513
6500
6475
6492
6532
6469
6516
6541
6492
6493
6470
6542
6480
6525
6472
6505
6494
6495
6541
6497
6465
6479
6515
6491
6479
6551
6499
6520
6478
6503
6509
6549
6535
6542
6559
6487
6510
6491
6531
6525
6527
6581
6571
6571
6488
6559
6579
6540
6529
6583
6525
6580
6540
6515
6537
6531
6535
6504
6505
6594
6567
6579
6579
6538
6601
6589
6584
6526
6539
6524
6564
6529
6607
6569
6592
6604
6533
6565
6608
6530
6610
6619
6622
6555
6567
6563
6563
6585
6546
6590
6560
6606
6541
6613
6555
6631
6570
6593
6583
6610
6637
6607
6561
6602
6604
6609
6558
6598
6564
6645
6573
6561
6585
6602
6603
6604
6574
6609
6638
6622
6574
6654
6596
6591
6604
6588
6662
6619
6588
6627
6581
6637
6647
6676
6617
6596
6588
6599
6610
6656
6626
6632
6660
6610
6673
6624
6654
6600
6648
6604
6621
6639
6640
6681
6608
6629
6687
6680
6630
6698
6682
6607
6634
6621
6688
6612
6705
6657
6686
6672
6694
6636
6659
6640
6648
6685
6719
6654
6634
6651
6655
6706
6698
6636
6719
6707
6705
6669
6722
6710
6697
6685
6695
6668
6727
6661
6704
6694
6691
6660
6649
6722
6648
6708
6709
6711
6657
6669
6722
6671
6735
6698
6676
6722
6692
6693
6757
6719
6740
6745
6752
6719
6713
6761
6691
6751
6686
6759
6742
6679
6768
6725
6739
6690
6700
6705
6764
6704
6712
6732
6778
6703
6703
6747
6786
6761
6719
6738
6699
6698
6729
6716
6780
6710
6784
6763
6768
6737
6769
6728
6778
6780
6770
6743
6740
6807
6764
6783
6797
6802
6778
6723
6768
6786
6779
6779
6799
6814
6746
6775
6727
6786
6742
6817
6735
6809
6752
6827
6794
6825
6785
6740
6760
6776
6790
6822
6812
6790
6796
6776
6829
6820
6781
6811
6803
6832
6831
6825
6836
6850
6814
6765
6800
6767
6775
6772
6771
6799
6857
6832
6767
6797
6833
6799
6800
6787
6826
6819
6821
6794
6800
6817
6831
6859
6829
6853
6783
6786
6867
6788
6826
6829
6815
6837
6843
6800
6868
6793
6885
6863
6818
6860
6885
6869
6869
6824
6847
6883
6881
6826
6853
6863
6871
6889
6881
6876
6884
6829
6852
6821
6833
6816
6836
6880
6841
6911
6893
6905
6846
6876
6849
6918
6891
6873
6886
6918
6918
6916
6900
6858
6916
6845
6837
6923
6936
6886
6905
6908
6848
6864
6934
6897
6875
6894
6858
6873
6911
6921
6915
6913
6875
6868
6952
6953
6862
6865
6911
6946
6894
6919
6910
6882
6892
6869
6923
6892
6885
6916
6911
6951
6914
6932
6906
6908
6946
6921
6978
6894
6897
6971
6975
6886
6978
6953
6898
6979
6930
6965
6943
6989
6958
6986
6938
6989
6997
6992
6941
6908
6913
6940
6923
6926
6926
6931
6942
6988
6987
6960
6967
6959
6959
6976
6987
6937
7010
6953
6963
6932
6967
6971
6943
6950
6964
6954
6985
6964
7029
6943
7026
6986
7028
6950
7013
6978
7032
6942
6950
7038
7026
7002
7014
7028
7032
7017
7031
6965
7031
7034
6980
7035
7041
6999
7034
7033
7005
6974
6975
6968
7034
6973
7034
6968
6973
7064
7014
7011
6980
7056
7043
7060
7033
7046
7020
7017
7037
6989
7020
7066
7041
7056
7014
6989
7046
7000
7083
7025
7059
7090
7058
7047
6997
6995
7058
7045
7011
7044
7098
7026
7090
7077
7054
7069
7011
7094
7106
7016
7085
7069
7036
7096
7108
7054
7028
7100
7084
7087
7072
7098
7075
7033
7114
7074
7116
7110
7106
7110
7075
7081
7038
7079
7096
7042
7099
7133
7038
7136
7131
7049
7074
7136
7114
7122
7053
7063
7068
7081
7086
7065
7091
7101
7145
7145
7115
7091
7109
7105
7148
7119
7158
7138
7139
7101
7122
7145
7154
7087
7085
7145
7165
7109
7083
7148
7146
7087
7116
7134
7087
7153
7112
7114
7106
7111
7133
7143
7141
7146
7143
7185
7123
7132
7095
7165
7169
7191
7183
7147
7165
7183
7164
7175
7105
7185
7202
7168
7113
7169
7171
7122
7182
7151
7145
7154
7164
7131
7131
7173
7208
7145
7202
7174
7138
7211
7160
7150
7195
7180
7214
7176
7139
7143
7225
7229
7164
7190
7180
7208
7189
7163
7153
7224
7179
7233
7170
7152
7225
7201
7187
7178
7184
7167
7186
7250
7205
7194
7176
7220
7162
7204
7196
7238
7261
7244
7227
7251
7265
7205
7269
7268
7188
7214
7207
7269
7240
7210
7186
7239
7270
7262
7260
7215
7224
7195
7251
7200
7260
7241
7214
7249
7215
7280
7207
7281
7235
7243
7294
7255
7262
7220
7261
7269
7217
7276
7244
7281
7265
7237
7261
7234
7243
7253
7239
7304
7238
7259
7298
7245
7257
7225
7278
7225
7268
7273
7299
7324
7326
7318
7257
7251
7299
7259
7326
7330
7310
7299
7264
7319
7287
7295
7286
7247
7251
7304
7337
7314
7343
7302
7261
7314
7301
7283
7343
7270
7278
7293
7346
7273
7266
7295
7335
7338
7290
7268
7365
7277
7269
7272
7317
7283
7370
7330
7319
7332
7302
7349
7295
7354
7327
7358
7298
7283
7295
7382
7383
7305
7294
7330
7344
7361
7327
7325
7369
7368
7311
7392
7371
7304
7386
7313
7338
7338
7315
7402
7329
7388
7350
7407
7357
7401
7398
7395
7364
7400
7359
7387
7381
7346
7352
7381
7325
7383
7419
7366
7375
7335
7363
7357
7384
7350
7392
7346
7433
7389
7349
7382
7397
7384
7433
7368
7433
7370
7379
7424
7350
7391
7424
7425
7358
7394
7405
7394
7417
7355
7360
7382
7434
7432
7446
7387
7443
7456
7460
7461
7455
7377
7381
7374
7419
7406
7433
7429
7444
7429
7428
7460
7405
7442
7479
7410
7402
7385
7455
7404
7473
7473
7394
7464
7430
7454
7463
7476
7413
7416
7464
7478
7490
7419
7447
7411
7498
7446
7426
7424
7448
7464
7466
7451
7453
7465
7417
7482
7493
7453
7497
7451
7508
7462
7487
7474
7505
7488
7494
7466
7515
7448
7516
7522
7475
7449
7477
7446
7438
7437
7458
7523
7499
7452
7459
7481
7472
7458
7515
7535
7511
7470
7507
7473
7501
7493
7490
7515
7537
7498
7460
7525
7501
7482
7513
7520
7508
7538
7480
7558
7479
7503
7500
7548
7490
7504
7562
7494
7571
7531
7540
7548
7514
7479
7577
7540
7565
7499
7502
7490
7582
7551
7572
7552
7526
7564
7538
7585
7571
7512
7532
7594
7577
7530
7579
7520
7577
7552
7566
7602
7567
7605
7591
7576
7578
7560
7566
7533
7604
7593
7516
7562
7574
7522
7592
7601
7587
7545
7596
7620
7527
7599
7585
7598
7563
7545
7619
7605
7548
7630
7589
7546
7595
7616
7636
7590
7566
7543
7582
7574
7629
7601
7593
7640
7615
7639
7570
7569
7606
7641
7599
7638
7576
7621
7627
7571
7602
7634
7582
7603
7653
7590
7606
7607
7662
7626
7608
7667
7590
7603
7620
7631
7613
7647
7666
7645
7644
7625
7600
7624
7594
7624
7677
7619
7602
7653
7600
7623
7674
7616
7689
7622
7603
7632
7655
7674
7611
7680
7633
7660
7622
7687
7625
7682
7667
7680
7687
7618
7619
7641
7620
7651
7649
7706
7639
7707
7634
7716
7654
7658
7676
7694
7637
7725
7695
7645
7729
7650
7653
7661
7717
7677
7707
7655
7717
7652
7648
7650
7649
7709
7733
7715
7650
7716
7653
7735
7680
7710
7671
7727
7726
7753
7678
7672
7728
7716
7704
7712
7730
7718
7697
7734
7739
7741
7675
7721
7702
7718
7739
7689
7727
7768
7725
7715
7741
7729
7759
7718
7703
7775
7698
7753
7757
7710
7706
7790
7739
7743
7749
7765
7709
7735
7780
7771
7747
7762
7783
7800
7779
7784
7744
7727
7746
7785
7763
7799
7755
7805
7735
7739
7721
7799
7740
7764
7768
7779
7816
7770
7795
7726
7773
7817
7757
7797
7742
7751
7762
7793
7798
7752
7818
7810
7823
7748
7753
7838
7814
7819
7788
7784
7829
7836
7837
7848
7824
7753
7797
7819
7784
7801
7832
7803
7813
7857
7813
7835
7772
7856
7776
7819
7850
7802
7835
7841
7858
7854
7806
7829
7797
7828
7821
7849
7852
7793
7862
7852
7791
7858
7880
7834
7792
7802
7816
7840
7857
7827
7802
7848
7863
7859
7841
7842
7816
7833
7874
7869
7813
7829
7901
7838
7866
7846
7829
7887
7898
7822
7863
7893
7875
7829
7884
7912
7915
7864
7882
7843
7885
7886
7907
7917
7855
7882
7849
7897
7906
7840
7879
7900
7874
7856
7890
7897
7891
7848
7874
7923
7866
7856
7915
7918
7908
7871
7928
7929
7873
7891
7927
7858
7882
7916
7914
7893
7940
7911
7917
7897
7913
7919
7866
7897
7924
7964
7933
7939
7897
7881
7896
7919
7950
7972
7924
7938
7967
7926
7906
7902
7963
7936
7922
7945
7907
7949
7896
7971
7896
7968
7984
7945
7940
7957
7928
7930
7978
7936
7919
7946
7927
7905
7992
7944
7967
7964
7993
8006
7928
7940
7943
7955
7982
7953
7926
7973
7978
7945
8001
7951
7935
7991
8006
7953
8008
7947
7981
8010
8003
7993
7998
7949
7950
7999
7971
8027
8034
7945
7994
7984
8011
7993
7944
7953
7970
7980
8030
8008
8006
7960
7994
7980
7974
7955
7982
7964
8026
7971
7985
8006
8030
7973
8052
8013
7976
8045
7984
8060
8055
7976
8032
8064
8019
8008
8004
7980
8061
8026
8030
8080
7990
8071
7990
8037
8074
8077
8003
8022
7999
8045
8086
8057
8036
8078
8026
8039
8092
8090
8097
8035
8081
8059
8012
8102
8036
8017
8050
8051
8033
8023
8086
8090
8091
8041
8061
8071
8081
8065
8088
8083
8079
8060
8073
8097
8102
8114
8125
8074
8075
8124
8042
8079
8108
8101
8125
8107
8079
8057
8093
8111
8084
8053
8088
8120
8109
8075
8054
8086
8094
8135
8138
8079
8125
8058
8064
8065
8086
8069
8102
8078
8122
8122
8127
8114
8161
8072
8165
8109
8127
8071
8139
8117
8127
8146
8149
8166
8170
8164
8111
8091
8164
8171
8134
8085
8106
8137
8130
8179
8138
8170
8137
8146
8132
8169
8159
8162
8134
8193
8125
8192
8186
8116
8163
8176
8173
8175
8140
8203
8142
8121
8122
8192
8140
8205
8206
8174
8201
8182
8217
8146
8152
8215
8137
8138
8150
8177
8206
8202
8218
8221
8168
8172
8204
8152
8182
8201
8182
8160
8188
8210
8240
8148
8238
8148
8181
8230
8192
8172
8219
8192
8214
8159
8253
8195
8251
8252
8245
8196
8168
8199
8191
8200
8174
8260
8246
8240
8212
8202
8196
8218
8213
8226
8185
8176
8212
8271
8191
8263
8194
8227
8215
8254
8200
8232
8265
8195
8266
8203
8190
8217
8227
8210
8250
8197
8199
8207
8242
8248
8254
8224
8240
8229
8221
8216
8222
8251
8226
8289
8265
8302
8234
8302
8255
8314
8254
8219
8229
8265
8308
8251
8318
8275
8287
8266
8289
8236
8315
8235
8289
8274
8308
8240
8258
8246
8257
8336
8271
8259
8300
8304
8283
8304
8317
8290
8271
8257
8272
8336
8262
8253
8331
8257
8331
8322
8293
8272
8278
8282
8283
8273
8295
8330
8306
8341
8352
8268
8350
8280
8290
8331
8275
8285
8367
8320
8331
8351
8309
8363
8369
8310
8282
8357
8304
8355
8380
8288
8387
8304
8384
8345
8337
8315
8326
8353
8318
8388
8373
8365
8350
8352
8311
8318
8342
8314
8370
8349
8370
8348
8321
8368
8321
8364
8396
8405
8354
8357
8328
8342
8413
8363
8365
8387
8374
8394
8388
8331
8412
8387
8361
8337
8336
8378
8351
8367
8402
8381
8352
8353
8428
8399
8387
8357
8346
8413
8394
8381
8412
8356
8441
8364
8361
8443
8429
8423
8381
8373
8444
8387
8432
8374
8369
8451
8377
8434
8367
8444
8432
8429
8383
8434
8386
8436
8421
8436
8454
8471
8443
8437
8448
8386
8462
8388
8385
8396
8424
8391
8451
8441
8468
8438
8426
8467
8435
8400
8430
8491
8433
8448
8475
8489
8459
8409
8410
8492
8493
8474
8447
8437
8505
8459
8413
8460
8504
8440
8456
8428
8468
8508
8438
8490
8488
8503
8509
8437
8494
8439
8450
8517
8488
8497
8487
8469
8523
8478
8441
8515
8489
8448
8489
8466
8470
8514
8497
8506
8489
8494
8504
8451
8469
8501
8520
8494
8504
8544
8501
8515
8494
8460
8461
8506
8509
8524
8525
8529
8510
8514
8564
8500
8524
8558
8506
8558
8526
8522
8501
8516
8506
8570
8506
8542
8482
8548
8523
8558
8521
8560
8496
8492
8517
8544
8497
8520
8515
8570
8565
8556
8549
8501
8527
8539
8584
8592
8505
8581
8568
8599
8531
8532
8534
8585
8605
8609
8541
8555
8536
8601
8566
8556
8590
8534
8577
8535
8584
8614
8547
8589
8589
8537
8592
8541
8629
8555
8567
8571
8608
8597
8576
8594
8557
8600
8619
8633
8576
8595
8566
8635
8577
8616
8649
8604
8643
8566
8577
8641
8622
8608
8657
8567
8570
8573
8588
8645
8602
8657
8631
8660
8584
8640
8667
8629
8586
8665
8605
8607
8666
8611
8583
8599
8656
8623
8649
8681
8595
8644
8593
8642
8668
8594
8593
8618
8620
8654
8600
8660
8599
8625
8684
8672
8639
8686
8634
8648
8671
8636
8632
8634
8611
8633
8654
8650
8691
8681
8680
8643
8674
8637
8714
8661
8653
8659
8662
8690
8631
8654
8690
8653
8635
8722
8634
8667
8688
8643
8657
8696
8734
8657
8680
8659
8704
8698
8677
8741
8714
8674
8714
8681
8681
8706
8687
8716
8716
8656
8684
8733
8657
8671
8664
8725
8708
8661
8751
8673
8693
8679
8730
8690
8761
8678
8732
8719
8722
8714
8719
8761
8730
8708
8711
8762
8691
8773
8695
8771
8757
8703
8718
8698
8775
8756
8722
8748
8699
8733
8780
8756
8788
8715
8756
8699
8752
8748
8730
8706
8764
8784
8783
8777
8734
8741
8775
8764
8730
8721
8750
8785
8813
8780
8810
8761
8810
8775
8736
8775
8821
8747
8732
8737
8819
8757
8823
8812
8772
8803
8821
8813
8805
8755
8822
8785
8810
8767
8830
8805
8839
8792
8782
8769
8759
8811
8750
8813
8840
8831
8850
8793
8853
8838
8770
8831
8781
8854
8811
8806
8841
8777
8808
8821
8839
8791
8809
8793
8845
8784
8850
8864
8805
8803
8841
8852
8791
8872
8818
8874
8864
8797
8837
8827
8806
8822
8811
8833
8809
8876
8865
8847
8836
8853
8801
8807
8895
8816
8862
8900
8864
8812
8864
8823
8849
8822
8873
8819
8837
8910
8888
8911
8854
8857
8881
8865
8906
8908
8873
8917
8891
8865
8898
8828
8863
8848
8844
8896
8871
8879
8842
8874
8905
8925
8932
8910
8865
8893
8920
8843
8887
8875
8889
8929
8849
8902
8946
8870
8927
8910
8861
8929
8896
8903
8859
8947
8878
8945
8867
8949
8929
8906
8881
8925
8959
8925
8905
8875
8887
8966
8961
8902
8973
8918
8909
8886
8968
8958
8916
8932
8980
8976
8983
8983
8951
8942
8914
8970
8897
8988
8979
8896
8994
8938
8983
8942
8950
8932
8925
8956
8999
8961
8970
8945
8925
8941
8994
8996
8983
8914
8966
8967
8988
8998
8991
8928
9016
9005
9014
8997
8944
8978
9002
9006
9002
8957
8949
8935
8999
8954
9024
8942
8992
8953
9030
9017
8997
8995
9007
8991
8945
8957
8977
9045
8975
8970
8950
8978
9002
8973
9034
9051
9038
9037
9018
9012
9055
8979
9027
9042
8985
9033
8972
9010
9064
9014
9023
9026
9006
8998
9001
8985
9068
8987
9069
9022
9003
9065
9073
9030
9042
9078
9021
9071
9017
8998
8999
9047
9029
9028
9019
9008
9013
9067
9027
9070
9058
9076
9092
9080
9031
9053
9088
9032
9083
9053
9010
9070
9058
9052
9098
9090
9058
9036
9090
9020
9071
9092
9048
9055
9048
9090
9095
9092
9059
9032
9049
9038
9032
9128
9079
9097
9113
9058
9126
9106
9089
9078
9080
9045
9115
9068
9117
9049
9051
9100
9122
9106
9062
9113
9150
9094
9154
9114
9137
9129
9123
9121
9105
9099
9070
9119
9145
9127
9071
9130
9151
9085
9100
9078
9093
9107
9092
9077
9166
9174
9115
9148
9162
9164
9171
9139
9121
9119
9171
9163
9168
9147
9105
9144
9095
9125
9114
9159
9157
9155
9149
9189
9162
9116
9133
9131
9184
9142
9124
9163
9130
9203
9190
9172
9211
9178
9134
9156
9188
9201
9121
9128
9163
9205
9172
9136
9207
9150
9184
9132
9184
9211
9204
9161
9214
9153
9164
9181
9141
9220
9232
9175
9192
9189
9169
9186
9228
9230
9191
9180
9207
9193
9194
9215
9192
9190
9196
9229
9250
9210
9239
9223
9249
9183
9218
9194
9241
9202
9254
9255
9221
9252
9262
9222
9214
9252
9181
9197
9222
9213
9221
9207
9221
9203
9245
9284
9197
9275
9273
9264
9258
9226
9252
9264
9195
9264
9238
9259
9279
9289
9221
9261
9284
9240
9283
9250
9257
9264
9272
9267
9300
9294
9256
9298
9299
9217
9278
9299
9244
9276
9280
9303
9316
9272
9311
9243
9233
9305
9294
9298
9239
9279
9321
9251
9292
9274
9290
9285
9325
9299
9288
9286
9266
9298
9266
9303
9261
9341
9319
9302
9260
9265
9294
9258
9317
9326
9261
9274
9266
9295
9318
9283
9339
9279
9317
9350
9328
9331
9333
9275
9330
9314
9349
9341
9340
9311
9322
9291
9286
9313
9315
9347
9371
9284
9307
9361
9370
9317
9329
9366
9353
9344
9310
9332
9305
9343
9366
9314
9377
9357
9345
9344
9332
9338
9352
9324
9363
9389
9325
9314
9367
9333
9390
9353
9371
9391
9386
9317
9377
9417
9348
9410
9364
9327
9352
9343
9331
9336
9353
9409
9391
9426
9335
9419
9381
9345
9384
9398
9402
9432
9348
9439
9410
9366
9413
9376
9378
9434
9402
9396
9387
9393
9371
9434
9385
9429
9452
9398
9384
9455
9386
9455
9448
9436
9415
9452
9440
9433
9400
9428
9439
9391
9470
9418
9432
9465
9454
9408
9456
9398
9454
9431
9480
9468
9455
9461
9419
9407
9454
9391
9445
9421
9489
9435
9476
9473
9434
9464
9413
9407
9480
9414
9452
9492
9427
9489
9427
9463
9440
9460
9476
9448
9450
9481
9450
9459
9453
9471
9458
9497
9470
9437
9504
9458
9520
9509
9512
9513
9460
9440
9511
9446
9512
9471
9489
9453
9529
9452
9441
9508
9441
9525
9502
9513
9542
9449
9524
9459
9530
9455
9549
9465
9462
9487
9478
9457
9462
9554
9470
9495
9497
9549
9495
9501
9527
9534
9512
9561
9542
9549
9567
9548
9493
9525
9560
9477
9523
9508
9555
9519
9560
9550
9531
9493
9517
9537
9551
9548
9489
9545
9562
9558
9513
9550
9556
9563
9591
9507
9538
9519
9590
9509
9587
9517
9547
9531
9570
9604
9538
9510
9545
9520
9531
9602
9583
9540
9596
9594
9612
9575
9565
9543
9577
9564
9535
9530
9595
9610
9619
9571
9561
9614
9542
9574
9614
9547
9610
9545
9569
9621
9630
9589
9592
9620
9625
9545
9579
9636
9564
9561
9647
9576
9608
9570
9653
9569
9614
9619
9594
9599
9562
9597
9624
9633
9622
9643
9595
9585
9655
9589
9644
9619
9583
9604
9585
9636
9599
9624
9597
9676
9653
9655
9637
9584
9661
9639
9675
9650
9646
9642
9659
9627
9601
9612
9679
9601
9598
9641
9639
9696
9653
9688
9653
9659
9649
9691
9695
9702
9693
9638
9667
9702
9632
9704
9697
9705
9624
9693
9705
9642
9701
9676
9704
9654
9646
9650
9720
9632
9634
9700
9642
9670
9716
9706
9668
9712
9658
9704
9692
9653
9735
9713
9733
9707
9646
9738
9659
9698
9704
9732
9708
9690
9744
9697
9676
9751
9723
9755
9707
9691
9744
9669
9680
9677
9712
9726
9718
9668
9672
9671
9707
9763
9719
9719
9754
9711
9758
9688
9678
9707
9720
9698
9720
9725
9761
9709
9741
9766
9732
9738
9715
9753
9772
9764
9764
9727
9736
9727
9698
9756
9736
9761
9765
9772
9709
9781
9791
9768
9734
9728
9716
9757
9782
9766
9782
9721
9723
9738
9757
9771
9739
9802
9781
9816
9748
9787
9748
9809
9795
9820
9798
9820
9749
9754
9801
9813
9781
9813
9824
9750
9769
9786
9786
9816
9808
9829
9766
9806
9834
9844
9824
9797
9806
9802
9832
9772
9756
9834
9788
9826
9850
9836
9811
9821
9829
9851
9846
9830
9826
9801
9815
9835
9862
9844
9794
9799
9794
9782
9867
9858
9852
9866
9829
9880
9806
9801
9841
9862
9796
9820
9889
9842
9816
9888
9840
9882
9863
9844
9843
9886
9808
9899
9897
9836
9875
9816
9875
9837
9831
9906
9864
9893
9812
9889
9881
9864
9880
9831
9875
9867
9821
9897
9921
9823
9856
9892
9885
9917
9874
9886
9866
9914
9903
9884
9870
9906
9853
9907
9873
9888
9910
9898
9843
9936
9919
9872
9902
9898
9909
9930
9913
9878
9910
9859
9947
9855
9864
9904
9916
9926
9895
9906
9925
9936
9903
9869
9916
9877
9910
9963
9935
9874
9883
9946
9959
9910
9912
9913
9947
9957
9952
9973
9915
9955
9953
9907
9975
9979
9960
9939
9890
9985
9906
9905
9917
9986
9951
9925
9959
9910
9988
9977
9958
9950
9956
9982
9999
9907
9924
9948
9965
9946
9914
9969
10010
9981
9920
9924
9992
10012
9924
10019
9990
9996
9952
9934
9930
9980
10016
9994
9976
10025
9941
10020
10006
9983
9996
9963
9946
9989
10007
10003
10041
9953
10038
10000
9960
10042
9999
10023
9978
10014
10021
9972
9992
10028
10043
10020
10011
10056
9973
10013
10036
10031
10001
10038
9993
9971
10008
10018
10047
10056
9982
9987
10020
10062
10020
10057
9993
10000
10004
10073
10043
9987
10062
9986
10053
10077
10022
10071
10062
9999
9999
10005
10045
9999
10014
10018
10051
10039
10021
10034
10015
10014
10071
10089
10082
10070
10032
10079
10018
10070
10088
10034
10107
10076
10018
10064
10086
10039
10068
10057
10037
10027
10056
10093
10105
10037
10121
10039
10089
10116
10036
10107
10052
10123
10068
10043
10082
10108
10079
10128
10057
10059
10048
10079
10115
10072
10119
10113
10117
10096
10129
10124
10141
10140
10089
10142
10069
10158
10132
10107
10161
10130
10143
10141
10130
10152
10131
10163
10148
10163
10141
10170
10093
10140
10089
10170
10159
10106
10133
10152
10128
10154
10106
10128
10100
10108
10114
10100
10164
10134
10110
10110
10129
10189
10122
10135
10154
10157
10171
10130
10139
10171
10166
10130
10118
10178
10182
10192
10175
10195
10209
10201
10204
10131
10170
10174
10211
10159
10126
10218
10131
10207
10158
10193
10148
10172
10221
10170
10228
10227
10192
10165
10155
10232
10222
10163
10194
10211
10210
10150
10165
10146
10171
10185
10211
10222
10171
10225
10153
10152
10168
10196
10195
10155
10160
10201
10205
10197
10209
10178
10209
10216
10220
10179
10231
10214
10188
10206
10253
10190
10178
10216
10234
10254
10188
10250
10214
10250
10217
10233
10214
10213
10233
10228
10221
10218
10206
10249
10242
10266
10288
10271
10262
10252
10257
10276
10240
10228
10244
10238
10217
10219
10214
10240
10286
10301
10226
10268
10296
10219
10278
10222
10263
10224
10301
10273
10270
10297
10301
10224
10231
10318
10307
10289
10243
10323
10268
10302
10267
10249
10308
10235
10317
10272
10279
10320
10328
10312
10331
10254
10309
10316
10319
10303
10279
10252
10302
10256
10331
10338
10254
10349
10303
10341
10291
10299
10297
10307
10311
10269
10355
10268
10279
10315
10299
10294
10322
10314
10293
10352
10275
10327
10300
10301
10340
10294
10330
10307
10352
10311
10381
10305
10289
10337
10319
10375
10358
10325
10317
10389
10298
10321
10300
10318
10362
10386
10324
10396
10350
10324
10388
10365
10340
10386
10338
10389
10375
10312
10394
10348
10384
10321
10394
10362
10412
10414
10338
10412
10347
10384
10323
10346
10418
10414
10341
10337
10392
10366
10358
10382
10340
10384
10406
10373
10398
10339
10393
10381
10342
10377
10377
10343
10351
10440
10393
10369
10355
10401
10370
10410
10432
10437
10423
10407
10420
10366
10439
10404
10416
10415
10400
10460
10459
10456
10369
10405
10428
10395
10465
10413
10456
10395
10378
10383
10409
10457
10413
10389
10456
10442
10393
10442
10397
10469
10442
10436
10464
10451
10395
10488
10410
10434
10462
10397
10423
10438
10415
10421
10407
10475
10489
10500
10450
10483
10478
10461
10421
10493
10471
10478
10425
10437
10481
10444
10435
10474
10485
10474
10434
10465
10453
10522
10500
10468
10508
10511
10515
10503
10468
10513
10506
10512
10498
10478
10479
10534
10485
10449
10503
10492
10457
10505
10524
10537
10480
10521
10525
10500
10529
10541
10468
10530
10523
10497
10541
10463
10466
10494
10528
10509
10477
10485
10531
10547
10477
10540
10496
10518
10471
10542
10563
10479
10485
10523
10552
10491
10560
10536
10497
10556
10509
10511
10578
10514
10514
10561
10530
10532
10560
10505
10559
10540
10563
10535
10497
10511
10535
10568
10503
10549
10589
10538
10541
10547
10552
10557
10603
10555
10553
10608
10532
10525
10600
10586
10575
10569
10552
10530
10602
10610
10605
10606
10561
10580
10578
10565
10556
10538
10580
10561
10582
10572
10602
10589
10560
10611
10570
10552
10556
10600
10608
10617
10611
10573
10590
10587
10566
10575
10619
10638
10615
10652
10616
10608
10655
10585
10577
10594
10591
10642
10630
10574
10634
10606
10615
10650
10649
10623
10644
10601
10620
10672
10635
10631
10586
10610
10636
10643
10611
10633
10611
10624
10625
10628
10593
10618
10655
10609
10597
10601
10619
10623
10653
10619
10679
10677
10667
10653
10615
10686
10681
10631
10659
10638
10671
10655
10626
10652
10664
10611
10657
10688
10625
10618
10711
10667
10621
10691
10670
10653
10640
10674
10697
10689
10706
10686
10695
10688
10632
10677
10730
10689
10641
10667
10653
10667
10687
10655
10709
10696
10658
10643
10657
10718
10690
10735
10678
10747
10659
10659
10733
10748
10715
10673
10706
10749
10689
10711
10690
10737
10698
10705
10749
10669
10754
10717
10751
10744
10674
10735
10677
10752
10768
10767
10694
10724
10757
10700
10716
10763
10698
10689
10730
10692
10751
10723
10773
10750
10709
10716
10781
10696
10777
10760
10735
10709
10740
10788
10792
10777
10760
10750
10722
10767
10796
10740
10712
10738
10770
10809
10782
10798
10779
10793
10799
10779
10779
10750
10801
10817
10743
10741
10777
10744
10748
10729
10818
10765
10736
10810
10775
10762
10788
10812
10753
10803
10774
10761
10765
10836
10794
10811
10838
10772
10776
10826
10799
10752
10799
10850
10815
10850
10836
10762
10823
10767
10792
10840
10819
10783
10779
10809
10818
10851
10768
10800
10773
10779
10777
10802
10795
10854
10871
10804
10807
10861
10877
10825
10804
10850
10789
10874
10857
10883
10877
10805
10853
10824
10865
10811
10881
10877
10819
10868
10808
10878
10896
10886
10817
10830
10881
10861
10849
10884
10852
10810
10881
10841
10817
10846
10847
10905
10912
10856
10892
10831
10855
10853
10901
10909
10921
10834
10910
10849
10903
10908
10885
10843
10901
10894
10850
10861
10929
10893
10861
10906
10909
10865
10857
10854
10916
10938
10872
10877
10870
10885
10906
10851
10939
10943
10918
10886
10897
10934
10925
10948
10898
10915
10886
10945
10948
10882
10935
10899
10928
10957
10875
10935
10967
10967
10952
10895
10877
10952
10896
10974
10890
10882
10923
10907
10920
10930
10941
10889
10952
10912
10986
10944
10909
10926
10950
10910
10906
10923
10930
10904
10953
10932
10947
10949
10918
10965
10926
10972
10959
10913
10926
10917
10966
11005
10998
10957
11002
10975
10976
10971
10995
10942
10922
10990
10927
10932
11016
10989
11021
11026
10943
10930
10954
10935
10976
10942
10951
11003
11023
10973
10991
10970
11019
10983
11002
11035
10974
10966
11009
10975
10978
10999
11025
10995
11013
10957
10994
11001
10968
10982
10998
11056
11038
10982
10981
11048
11019
10981
10997
11013
10971
11012
10978
11054
11050
11059
10992
11005
11021
11049
11050
11004
11030
11061
11003
11073
11047
11060
11055
11047
11068
11027
10994
11057
11046
11042
11000
11080
10997
11027
11060
11029
11071
11096
11056
11093
11050
11086
11007
11026
11087
11064
11015
11104
11068
11060
11103
11027
11024
11086
11116
11060
11020
11091
11036
11112
11083
11105
11096
11039
11066
11082
11048
11113
11112
11066
11111
11049
11090
11081
11130
11135
11124
11064
11076
11111
11130
11090
11059
11071
11108
11084
11064
11122
11119
11132
11055
11125
11120
11139
11075
11065
11089
11096
11099
11108
11118
11066
11146
11133
11144
11118
11072
11129
11148
11144
11170
11142
11146
11152
11152
11177
11108
11084
11126
11088
11099
11151
11129
11109
11165
11187
11183
11184
11097
11125
11120
11131
11170
11142
11127
11152
11150
11179
11126
11144
11156
11184
11171
11115
11166
11169
11180
11188
11123
11193
11148
11120
11161
11140
11146
11180
11154
11123
11123
11184
11172
11211
11218
11197
11217
11164
11156
11164
11180
11209
11179
11162
11167
11147
11194
11231
11226
11186
11152
11200
11151
11238
11165
11246
11183
11159
11176
11177
11191
11207
11235
11251
11248
11230
11207
11193
11174
11214
11212
11215
11178
11201
11194
11206
11216
11220
11207
11190
11231
11234
11242
11178
11268
11264
11255
11237
11200
11211
11244
11270
11262
11252
11272
11242
11233
11238
11248
11274
11259
11258
11290
11244
11220
11255
11240
11216
11273
11280
11226
11300
11261
11282
11278
11228
11213
11248
11232
11213
11277
11279
11230
11219
11224
11246
11218
11229
11229
11308
11303
11260
11271
11265
11276
11241
11324
11313
11245
11287
11281
11305
11311
11283
11292
11246
11309
11326
11264
11266
11275
11335
11314
11326
11344
11252
11278
11273
11349
11273
11329
11321
11333
11295
11281
11322
11324
11310
11331
11359
11286
11355
11332
11285
11315
11308
11279
11289
11315
11333
11290
11345
11275
11348
11358
11343
11307
11369
11322
11316
11308
11296
11314
11383
11295
11328
11303
11351
11365
11291
11347
11315
11328
11318
11311
11345
11368
11307
11302
11340
11400
11334
11341
11310
11344
11360
11318
11398
11396
11364
11362
11317
11409
11345
11342
11321
11379
11378
11396
11369
11387
11355
11391
11344
11417
11335
11390
11410
11380
11350
11339
11367
11388
11397
11364
11390
11360
11355
11342
11419
11371
11354
11351
11417
11367
11391
11354
11381
11403
11351
11356
11427
11373
11378
11425
11376
11365
11428
11432
11420
11379
11455
11393
11414
11403
11433
11390
11445
11453
11388
11408
11395
11380
11402
11471
11401
11438
11426
11439
11454
11458
11452
11426
11385
11391
11457
11393
11469
11402
11392
11477
11451
11443
11425
11485
11473
11472
11466
11420
11422
11494
11424
11500
11453
11498
11476
11486
11476
11493
11440
11505
11456
11470
11486
11487
11503
11515
11497
11482
11443
11516
11460
11492
11512
11475
11442
11475
11516
11513
11466
11442
11437
11479
11451
11459
11492
11468
11496
11535
11452
11537
11535
11484
11538
11545
11545
11525
11470
11527
11523
11507
11471
11532
11538
11522
11495
11478
11480
11548
11527
11490
11539
11502
11527
11551
11565
11545
11537
11540
11542
11541
11509
11540
11483
11533
11513
11543
11512
11514
11499
11528
11508
11576
11520
11576
11523
11546
11490
11574
11517
11568
11568
11575
11506
11508
11559
11574
11560
11507
11504
11592
11504
11584
11602
11570
11602
11578
11524
11561
11600
11608
11521
11560
11556
11547
11601
11597
11530
11567
11546
11617
11579
11618
11589
11532
11582
11575
11594
11573
11541
11549
11611
11564
11617
11552
11580
11540
11594
11601
11610
11557
11600
11624
11638
11634
11603
11631
11645
11571
11644
11554
11617
11583
11593
11559
11616
11639
11601
11597
11600
11578
11659
11567
11660
11647
11631
11658
11599
11656
11668
11654
11599
11666
11613
11622
11670
11607
11624
11678
11613
11644
11612
11651
11670
11680
11669
11629
11632
11682
11672
11598
11633
11606
11623
11682
11646
11632
11642
11655
11677
11634
11681
11687
11699
11615
11634
11616
11661
11699
11683
11642
11641
11696
11634
11675
11657
11638
11679
11664
11625
11623
11647
11676
11640
11676
11722
11649
11644
11689
11684
11731
11662
11707
11665
11647
11661
11681
11726
11722
11681
11692
11705
11664
11725
11673
11679
11729
11746
11749
11678
11677
11710
11734
11690
11675
11732
11677
11744
11668
11682
11730
11760
11718
11695
11740
11758
11689
11728
11713
11699
11680
11709
11683
11765
11680
11689
11745
11708
11741
11709
11688
11753
11698
11712
11736
11709
11737
11741
11769
11709
11761
11749
11771
11749
11729
11768
11761
11703
11721
11738
11757
11739
11731
11743
11711
11777
11710
11743
11740
11768
11792
11771
11790
11802
11807
11737
11781
11744
11723
11767
11727
11780
11786
11816
11770
11774
11801
11743
11801
11765
11765
11812
11792
11810
11750
11797
11796
11750
11752
11745
11750
11756
11811
11755
11821
11821
11842
11803
11794
11809
11833
11766
11829
11789
11834
11829
11792
11780
11835
11773
11808
11775
11807
11834
11863
11821
11792
11841
11869
11838
11817
11799
11786
11798
11798
11828
11870
11809
11822
11821
11813
11875
11794
11824
11863
11856
11875
11886
11813
11878
11839
11834
11813
11840
11878
11813
11886
11864
11837
11855
11808
11853
11807
11820
11841
11904
11864
11846
11886
11849
11853
11819
11883
11873
11868
11887
11911
11867
11834
11914
11894
11883
11875
11912
11872
11883
11843
11844
11849
11889
11833
11897
11845
11906
11915
11927
11861
11846
11878
11920
11865
11858
11880
11876
11867
11879
11853
11903
11880
11895
11889
11868
11935
11926
11890
11897
11901
11937
11922
11949
11910
11930
11940
11925
11930
11961
11899
11927
11969
11932
11930
11875
11908
11913
11972
11904
11895
11975
11961
11912
11929
11911
11917
11942
11959
11960
11973
11967
11965
11891
11902
11921
11983
11939
11939
11930
11899
11989
11914
11924
11977
11962
11912
11971
11988
11973
11964
11955
11916
11939
11970
11965
12013
12005
11977
11925
11923
11931
11928
11969
11940
11979
11949
11965
12011
12006
11993
12025
11970
11937
12019
11975
12032
11981
12015
11964
12006
11966
11999
12020
12029
12016
11997
12009
12010
11961
12003
12001
11990
11991
11996
12046
11988
11998
11971
11990
12028
12026
11980
12008
12029
11968
11970
12007
12028
12016
12028
11978
11983
12035
12021
12048
12008
11986
11996
12064
12072
12067
12063
12061
12009
11986
12069
12084
12083
12039
12005
12016
12019
12061
12080
12039
12064
12055
12027
12082
12065
12000
12039
12095
12009
12055
12038
12029
12030
12097
12024
12076
12038
12012
12042
12045
12063
12087
12069
12071
12021
12093
12034
12025
12038
12071
12119
12098
12115
12041
12107
12061
12085
12091
12062
12099
12080
12042
12110
12046
12134
12053
12108
12107
12087
12128
12068
12084
12052
12053
12127
12148
12120
12138
12144
12109
12056
12088
12072
12087
12108
12095
12148
12133
12133
12110
12139
12144
12099
12117
12079
12080
12074
12149
12152
12172
12129
12124
12164
12081
12124
12120
12177
12097
12140
12135
12135
12118
12120
12152
12101
12117
12117
12177
12138
12169
12160
12118
12104
12151
12190
12110
12151
12119
12148
12108
12170
12158
12204
12155
12112
12166
12198
12149
12152
12179
12124
12181
12212
12196
12179
12184
12169
12143
12206
12187
12207
12206
12201
12225
12150
12221
12201
12219
12177
12180
12157
12142
12178
12139
12206
12229
12209
12175
12207
12229
12229
12220
12181
12218
12218
12198
12202
12168
12212
12180
12172
12242
12186
12174
12238
12251
12166
12169
12208
12240
12171
12168
12170
12234
12247
12202
12258
12253
12192
12266
12213
12175
12240
12233
12239
12193
12279
12263
12237
12206
12202
12258
12193
12196
12272
12215
12261
12240
12223
12196
12261
12255
12246
12211
12284
12257
12291
12254
12277
12241
12215
12276
12210
12288
12236
12270
12304
12282
12236
12221
12277
12280
12310
12299
12311
12310
12306
12289
12238
12317
12273
12262
12243
12283
12291
12283
12258
12261
12315
12258
12264
12314
12289
12268
12272
12302
12315
12309
12271
12244
12286
12301
12246
12321
12282
12335
12254
12332
12270
12256
12352
12286
12328
12336
12294
12343
12354
12295
12346
12332
12301
12337
12272
12284
12339
12291
12303
12356
12335
12274
12329
12322
12368
12295
12284
12315
12286
12356
12345
12324
12369
12292
12290
12379
12368
12336
12370
12376
12321
12354
12317
12311
12370
12393
12391
12340
12302
12362
12316
12315
12344
12394
12327
12314
12345
12358
12377
12335
12367
12334
12389
12386
12327
12387
12373
12388
12341
12416
12349
12354
12345
12369
12413
12347
12411
12341
12422
12338
12398
12397
12369
12400
12353
12409
12347
12400
12433
12420
12431
12356
12431
12436
12350
12432
12418
12365
12426
12358
12372
12400
12355
12440
12428
12450
12366
12454
12413
12435
12461
12430
12452
12389
12420
12385
12455
12410
12464
12424
12396
12377
12381
12438
12434
12429
12379
12423
12477
12401
12441
12416
12433
12466
12450
12466
12482
12424
12396
12408
12400
12401
12465
12401
12477
12488
12414
12416
12453
12444
12490
12487
12454
12437
12495
12475
12448
12495
12474
12461
12457
12509
12474
12445
12434
12425
12470
12471
12464
12455
12516
12466
12513
12520
12473
12480
12462
12463
12446
12447
12441
12514
12493
12437
12500
12460
12461
12528
12483
12477
12442
12499
12529
12481
12474
12519
12490
12528
12467
12464
12523
12482
12523
12494
12500
12535
12491
12551
12500
12461
12560
12467
12550
12494
12555
12505
12563
12525
12477
12568
12495
12522
12552
12537
12567
12571
12560
12552
12555
12486
12553
12561
12506
12512
12546
12552
12524
12565
12514
12519
12492
12494
12501
12526
12589
12552
12509
12563
12599
12578
12556
12503
12586
12550
12526
12511
12589
12549
12551
12559
12561
12584
12527
12554
12547
12538
12564
12607
12581
12608
12532
12586
12606
12557
12541
12574
12626
12570
12608
12549
12604
12596
12573
12599
12568
12588
12558
12637
12596
12553
12582
12554
12596
12580
12561
12555
12580
12648
12550
12624
12607
12597
12637
12596
12615
12599
12622
12566
12609
12622
12654
12649
12607
12654
12651
12573
12637
12638
12637
12578
12574
12601
12660
12611
12585
12670
12579
12628
12630
12609
12617
12614
12629
12660
12639
12676
12659
12610
12671
12678
12625
12673
12595
12627
12675
12632
12686
12674
12653
12659
